452133
2014-04-10,20,39.0,140,120,92
2014-03-10,19,39.2,150,100,90
324231
2015-10-20,23,38.1,100,90,100
324521
2014-03-10,52,39.1,150,100,90
975345
2014-04-10,34,39.0,140,120,91
753443
2014-06-10,22,39.2,150,110,95
572344
2014-05-10,39,39.2,150,110,95
123432
2014-03-10,27,39.2,150,110,95
561241
2014-03-10,103,39.2,150,100,85
465123
2014-07-10,62,39.2,150,105,95
333421
2014-06-10,52,39.2,150,105,95
123412
2014-06-10,14,39.2,150,100,85
987694
2014-07-10,11,39.2,150,100,85
465314
2014-08-10,21,39.0,140,106,90
324523
2014-10-10,80,39.0,140,115,95
234523
2014-09-10,114,39.2,150,110,95
132412
2014-06-10,40,39.0,150,110,95
451235
2014-09-10,74,39.2,150,109,95
643413
2014-01-13,14,39.2,150,100,90
111111
2014-05-13,30,39.2,150,100,91
543253
2014-05-14,1,39.2,150,100,85
325523
2014-09-10,80,39.2,150,109,95
544244
2014-08-10,42,39.0,140,106,90
876532
2014-10-10,15,39.0,140,115,95
875424
2014-01-13,101,39.2,150,109,95
235123
2014-03-14,37,39.2,150,105,85
575421
2014-09-10,41,39.2,150,100,89
134575
2014-03-14,91,39.2,150,110,95
453213
1989-09-10,90,39.2,150,109,95
345632
2014-03-14,4,39.2,150,101,91
451234
2014-05-14,42,39.2,150,100,90
123455
2014-08-10,69,39.0,140,106,91
764324
2014-09-10,29,39.2,150,108,89
564234
1864-08-10,48,39.0,140,120,91
222323
2014-03-29,60,39.2,150,105,90



